0	0.020614347	0.042389782	0.07204821	0.102884672	0.137532491	0.17218032	0.206828073	0.241475686	0.276123194	0.310770554	0.345417758	0.380064867	0.414711873	0.449358761	0.484005519	0.518652442	0.55329921	0.587945879	0.622592775	0.657239508	0.691886461	0.726532873	0.761178965	0.795778628	0.830294528	0.864695479	0.898918116	0.96279016	1.026650256	1.09049788	1.154328058	1.219328038	1.284328018	1.349327998	1.414327978	1.479327958	1.544327938	1.609327917	1.674327897	1.739327877	1.804327857	1.869327837	1.934327817	1.999327797	2.064327777	2.129327757	2.194327736	2.259327716	2.324327696	2.389327676
1	0.02491637	0.075523151	0.127367974	0.170539593	0.216425462	0.266121024	0.316121024	0.366121025	0.416121025	0.466121025	0.516121025	0.566121025	0.616121025	0.666121025	0.716121025	0.766121026	0.816121026	0.866121026	0.916121026	0.966121026	1.016121026	1.066121026	1.116121026	1.166121026	1.216121027	1.266121027	1.316121027	1.366121027	1.416121027	1.466121027	1.516121027	1.566121027	1.616121028	1.666121028	1.716121028	1.766121028	1.816121028	1.866121028	1.916121028	1.966121028	2.016121028	2.066121029	2.116121029	2.166121029	2.216121029	2.266121029	2.316121029	2.366121029	2.416121029	2.46612103
2	0.00229715	0.011405472	0.039649052	0.079349563	0.121343366	0.164755663	0.211604141	0.261052779	0.31105278	0.36105278	0.41105278	0.461052781	0.511052781	0.561052782	0.611052782	0.661052783	0.711052783	0.761052783	0.811052784	0.861052784	0.911052785	0.961052785	1.011052786	1.061052786	1.111052786	1.161052787	1.211052787	1.261052788	1.311052788	1.361052789	1.411052789	1.46105279	1.51105279	1.56105279	1.611052791	1.661052791	1.711052792	1.761052792	1.811052793	1.861052793	1.911052793	1.961052794	2.011052794	2.061052795	2.111052795	2.161052796	2.211052796	2.261052797	2.311052797	2.361052797
3	0.011312985	0.05149193	0.101967868	0.151709002	0.201656931	0.251656931	0.301656931	0.351656931	0.401656931	0.451656931	0.501656931	0.551656931	0.601656931	0.651656931	0.701656931	0.751656931	0.801656931	0.851656931	0.901656931	0.951656931	1.001656931	1.051656931	1.101656931	1.151656931	1.201656931	1.251656931	1.301656931	1.351656931	1.401656931	1.451656931	1.501656931	1.551656931	1.601656931	1.651656931	1.701656931	1.751656931	1.801656931	1.851656931	1.901656931	1.951656931	2.001656931	2.051656931	2.101656931	2.151656931	2.201656931	2.251656931	2.301656931	2.351656931	2.401656931	2.451656931
4	0.005052957	0.01515997	0.03485033	0.068284688	0.11064955	0.159575953	0.209575953	0.259575953	0.309575953	0.359575953	0.409575953	0.459575953	0.509575953	0.559575954	0.609575954	0.659575954	0.709575954	0.759575954	0.809575954	0.859575954	0.909575954	0.959575954	1.009575954	1.059575954	1.109575954	1.159575954	1.209575954	1.259575954	1.309575954	1.359575954	1.409575954	1.459575954	1.509575954	1.559575954	1.609575954	1.659575954	1.709575955	1.759575955	1.809575955	1.859575955	1.909575955	1.959575955	2.009575955	2.059575955	2.109575955	2.159575955	2.209575955	2.259575955	2.309575955	2.359575955
5	0.003649841	0.008993133	0.01797326	0.033552585	0.059783112	0.095636679	0.13855725	0.185616543	0.235616544	0.285616544	0.335616544	0.385616544	0.435616544	0.485616544	0.535616544	0.585616545	0.635616545	0.685616545	0.735616545	0.785616545	0.835616545	0.885616545	0.935616546	0.985616546	1.035616546	1.085616546	1.135616546	1.185616546	1.235616547	1.285616547	1.335616547	1.385616547	1.435616547	1.485616547	1.535616547	1.585616548	1.635616548	1.685616548	1.735616548	1.785616548	1.835616548	1.885616549	1.935616549	1.985616549	2.035616549	2.085616549	2.135616549	2.185616549	2.23561655	2.28561655
6	0.004865078	0.01396155	0.02847424	0.051373546	0.084440586	0.126902833	0.1748693	0.2248693	0.2748693	0.3248693	0.3748693	0.4248693	0.4748693	0.5248693	0.5748693	0.6248693	0.6748693	0.7248693	0.774846592	0.824777676	0.874655042	0.924473733	0.974230245	1.023922245	1.073548409	1.123108198	1.172601747	1.222029809	1.271393746	1.320694238	1.369928128	1.419087432	1.469087432	1.519087432	1.569087432	1.619087432	1.669087432	1.719087432	1.769087432	1.819087432	1.869087432	1.919087432	1.969087432	2.019087432	2.069087432	2.119087432	2.169087432	2.219087432	2.269087432	2.319087432
7	0.006483085	0.017350484	0.03207568	0.05254271	0.079991206	0.113420869	0.150256498	0.190453192	0.234911588	0.283643507	0.333643508	0.383643508	0.433643508	0.483643508	0.533643508	0.583643508	0.633643508	0.683643509	0.733643509	0.783643509	0.833643509	0.883643509	0.933643509	0.98364351	1.03364351	1.08364351	1.13364351	1.18364351	1.23364351	1.283643511	1.333643511	1.383643511	1.433643511	1.483643511	1.533643511	1.583643511	1.633643512	1.683643512	1.733643512	1.783643512	1.833643512	1.883643512	1.933643513	1.983643513	2.033643513	2.083643513	2.133643513	2.183643513	2.233643514	2.283643514
8	0.005323508	0.019467017	0.044044702	0.079474714	0.126156003	0.176156003	0.226156003	0.276156003	0.326156003	0.376156003	0.426156003	0.476156003	0.526156003	0.576156003	0.626156003	0.676156003	0.726156003	0.776156003	0.826156003	0.876156003	0.926156003	0.976156003	1.026156003	1.076156003	1.126156003	1.176156003	1.226156003	1.276156003	1.326156003	1.376156003	1.426156003	1.476156003	1.526156003	1.576156003	1.626156003	1.676156003	1.726156003	1.776156003	1.826156003	1.876156003	1.926156003	1.976156003	2.026156003	2.076156003	2.126156003	2.176156003	2.226156003	2.276156003	2.326156003	2.376156003
9	0.003593389	0.011444133	0.027288116	0.050746505	0.079509787	0.113906248	0.152394044	0.194550104	0.241332499	0.291166419	0.341166419	0.391166419	0.44116642	0.49116642	0.54116642	0.59116642	0.64116642	0.69116642	0.74116642	0.79116642	0.84116642	0.891166421	0.941166421	0.991166421	1.041166421	1.091166421	1.141166421	1.191166421	1.241166421	1.291166421	1.341166422	1.391166422	1.441166422	1.491166422	1.541166422	1.591166422	1.641166422	1.691166422	1.741166423	1.791166423	1.841166423	1.891166423	1.941166423	1.991166423	2.041166423	2.091166423	2.141166423	2.191166424	2.241166424	2.291166424
10	0.003876769	0.019542704	0.042608218	0.076574511	0.120350311	0.168652684	0.218502829	0.268502829	0.318502829	0.368502829	0.41850283	0.46850283	0.51850283	0.56850283	0.61850283	0.66850283	0.71850283	0.76850283	0.81850283	0.86850283	0.91850283	0.96850283	1.01850283	1.06850283	1.11850283	1.16850283	1.21850283	1.26850283	1.31850283	1.36850458	1.418550531	1.468650085	1.518650085	1.568650085	1.618650085	1.668650085	1.718650085	1.768650085	1.818650085	1.868650085	1.918650085	1.968650085	2.018650085	2.068650085	2.118650085	2.168650085	2.218650085	2.268650085	2.318650085	2.368650085
11	0.019724842	0.048184742	0.089519886	0.139449477	0.189444547	0.239444547	0.289444547	0.339444547	0.389444547	0.439444547	0.489444547	0.539444547	0.589444547	0.639444547	0.689444547	0.739444547	0.789444547	0.839444547	0.889444547	0.939444547	0.989444547	1.039444547	1.089444547	1.139444547	1.189444547	1.239444547	1.289444547	1.339444547	1.389444547	1.439444547	1.489444547	1.539444547	1.589444547	1.639444547	1.689444547	1.739444547	1.789444547	1.839444547	1.889444547	1.939444547	1.989444547	2.039444547	2.089444547	2.139444547	2.189444547	2.239444547	2.289444547	2.339444547	2.389444547	2.439444547
12	0.008146966	0.028055444	0.066147012	0.114215277	0.164215277	0.214215277	0.264215277	0.314215277	0.364215277	0.414215277	0.464215277	0.514215277	0.564215277	0.614215277	0.664215277	0.714215277	0.764215277	0.814215277	0.864215277	0.914215277	0.964215277	1.014215277	1.064215278	1.114215278	1.164215278	1.214215278	1.264215278	1.314215278	1.364215278	1.414215278	1.464215278	1.514215278	1.564215278	1.614215278	1.664215278	1.714215278	1.764215278	1.814215278	1.864215278	1.914215278	1.964215278	2.014215278	2.064215279	2.114215279	2.164215279	2.214215279	2.264215279	2.314215279	2.364215279	2.414215279
13	0.003677891	0.019533551	0.043709984	0.07692319	0.117099436	0.16192133	0.209649373	0.25906274	0.30906274	0.35906274	0.40906274	0.45906274	0.50906274	0.55906274	0.60906274	0.659062741	0.709062741	0.759062741	0.809062741	0.859062741	0.909062741	0.959062741	1.009027912	1.05894931	1.108826864	1.158662564	1.208459534	1.258221401	1.308221402	1.358221402	1.408221402	1.458221402	1.508221402	1.558221402	1.608221402	1.658221402	1.708221402	1.758221403	1.808221403	1.858221403	1.908221403	1.958221403	2.008221403	2.058221403	2.108221403	2.158221403	2.208221404	2.258221404	2.308221404	2.358221404
14	0.005353296	0.021536406	0.046375595	0.07341172	0.105727026	0.144019793	0.187815895	0.236028317	0.285264669	0.334500873	0.383736926	0.432972839	0.482208608	0.531444239	0.58067973	0.629915076	0.679150282	0.728385338	0.777853427	0.827683743	0.877794918	0.928144204	0.978698105	1.0294298	1.080316957	1.131340649	1.182484673	1.233734799	1.28506336	1.336416946	1.387776077	1.439471928	1.489471926	1.539471925	1.589471924	1.639471923	1.689471921	1.73947192	1.789471919	1.839471918	1.889471916	1.939471915	1.989471914	2.039471913	2.089471911	2.13947191	2.189471909	2.239471908	2.289471907	2.339471905
15	0.001840978	0.005592233	0.016839432	0.039806945	0.072327116	0.112450166	0.157398991	0.205586426	0.255299928	0.305299929	0.355299929	0.405299929	0.455299929	0.50529993	0.55529993	0.60529993	0.65529993	0.705299931	0.755299931	0.805299931	0.855299931	0.905299931	0.955299932	1.005299932	1.055299932	1.105299932	1.155299933	1.205299933	1.255299933	1.305299933	1.355299934	1.405299934	1.455299934	1.505299934	1.555299935	1.605299935	1.655299935	1.705299935	1.755299936	1.805299936	1.855299936	1.905299936	1.955299937	2.005299937	2.055299937	2.105299937	2.155299938	2.205299938	2.255299938	2.305299938
16	0.002524735	0.020143044	0.046885541	0.080788348	0.121960197	0.168543228	0.218543228	0.268543228	0.318543228	0.368543229	0.418543229	0.468543229	0.518543229	0.568543229	0.61854323	0.66854323	0.71854323	0.76854323	0.81854323	0.86854323	0.918543231	0.968543231	1.018543231	1.068543231	1.118543231	1.168543231	1.218543232	1.268543232	1.318543232	1.368543232	1.418543232	1.468543233	1.518543233	1.568543233	1.618543233	1.668543233	1.718543233	1.768543234	1.818543234	1.868543234	1.918543234	1.968543234	2.018543234	2.068543235	2.118543235	2.168543235	2.218543235	2.268543235	2.318543236	2.368543236
17	0.004388489	0.021817596	0.055654347	0.097825839	0.145833077	0.195833077	0.245833077	0.295833078	0.345833078	0.395833078	0.445833078	0.495833078	0.545833078	0.595833078	0.645833078	0.695833078	0.745833078	0.795833078	0.845833078	0.895833078	0.945833078	0.995833078	1.045833078	1.095833079	1.145833079	1.195833079	1.245833079	1.295833079	1.345833079	1.395833079	1.445833079	1.495833079	1.545833079	1.595833079	1.645833079	1.695833079	1.745833079	1.795833079	1.84583308	1.89583308	1.94583308	1.99583308	2.04583308	2.09583308	2.14583308	2.19583308	2.24583308	2.29583308	2.34583308	2.39583308
18	0.028624511	0.078410268	0.128410268	0.178410268	0.228410268	0.278410268	0.328410268	0.378410268	0.428410268	0.478410268	0.528410268	0.578410268	0.628410269	0.678410269	0.728410269	0.778410269	0.828410269	0.878410269	0.928410269	0.978410269	1.028410269	1.078410269	1.128410269	1.178415019	1.22842807	1.278451024	1.328484483	1.3785292	1.428566114	1.478566115	1.528566115	1.578566115	1.628566115	1.678566115	1.728566115	1.778566115	1.828566115	1.878566115	1.928566115	1.978566115	2.028566116	2.078566116	2.128566116	2.178566116	2.228566116	2.278566116	2.328566116	2.378566116	2.428566116	2.478566116
19	0.021344807	0.047472837	0.082964727	0.123433306	0.165872385	0.209328433	0.253309662	0.297562349	0.341955419	0.386421183	0.430924683	0.475447784	0.519981094	0.564519743	0.609061097	0.653603892	0.698147416	0.742691391	0.78723569	0.831780165	0.876324878	0.92086972	0.96544331	1.010048298	1.054681356	1.099338787	1.144013597	1.192953919	1.242953922	1.292953924	1.342953927	1.392953929	1.442953932	1.492953934	1.542953937	1.592953939	1.642953942	1.692953944	1.742953946	1.792953949	1.842953951	1.892953954	1.942953956	1.992953959	2.042953961	2.092953964	2.142953966	2.192953968	2.242953971	2.292953973
20	0.027818858	0.077818858	0.127818858	0.177818858	0.227818858	0.277818858	0.327818858	0.377818858	0.427818858	0.477818858	0.527818858	0.577818858	0.627818858	0.677818858	0.727818858	0.777818858	0.827818858	0.877818858	0.927818858	0.977818858	1.027818858	1.077818858	1.127818858	1.177818858	1.227818858	1.277818858	1.327818858	1.377818858	1.427818858	1.477818858	1.527818858	1.577818858	1.627818859	1.677818859	1.727818859	1.777818859	1.827818859	1.877818859	1.927818859	1.977818859	2.027818859	2.077818859	2.127818859	2.177818859	2.227818859	2.277818859	2.327818859	2.377818859	2.427818859	2.477818859
21	0.046423476	0.096423476	0.146423476	0.196423476	0.246423476	0.296423476	0.346423476	0.396423476	0.446423476	0.496423476	0.546423476	0.596423476	0.646423476	0.696423476	0.746423476	0.796423476	0.846423476	0.896423476	0.946423476	0.996423476	1.046423476	1.096423476	1.146423476	1.196423476	1.246423476	1.296423476	1.346423476	1.396423476	1.446423476	1.496423476	1.546423477	1.596423477	1.646423477	1.696423477	1.746423477	1.796423477	1.846423477	1.896423477	1.946423477	1.996423477	2.046423477	2.096423477	2.146423477	2.196423477	2.246423477	2.296423477	2.346423477	2.396423477	2.446423477	2.496423477
22	0.040810877	0.090810877	0.140810877	0.190810877	0.240810877	0.290810877	0.340810877	0.390810877	0.440810877	0.490810877	0.540810877	0.590810877	0.640810877	0.690810877	0.740810877	0.790810878	0.840810878	0.890810878	0.940810878	0.990810878	1.040810878	1.090810878	1.140810878	1.190810878	1.240810878	1.290810878	1.340810878	1.390810878	1.440810878	1.490810878	1.540810879	1.590810879	1.640810879	1.690810879	1.740810879	1.790810879	1.840810879	1.890810879	1.940810879	1.990810879	2.040810879	2.090810879	2.140810879	2.190810879	2.240810879	2.29081088	2.34081088	2.39081088	2.44081088	2.49081088
23	0.028303741	0.06184597	0.104760391	0.153346526	0.203346526	0.253346527	0.303346527	0.353346527	0.403346528	0.453346528	0.503346528	0.553346529	0.603346529	0.653346529	0.70334653	0.75334653	0.803346531	0.853346531	0.903346531	0.953346532	1.003346532	1.053346532	1.103346533	1.153346533	1.203346533	1.253346534	1.303346534	1.353346534	1.403346535	1.453346535	1.503346535	1.553346536	1.603346536	1.653346536	1.703346537	1.753346537	1.803346538	1.853346538	1.903346538	1.953346539	2.003346539	2.053346539	2.10334654	2.15334654	2.20334654	2.253346541	2.303346541	2.353346541	2.403346542	2.453346542
																																																		57.26300363
