0	0.020614347	0.042389782	0.07204821	0.102607137	0.135921803	0.169755526	0.203589358	0.237423231	0.271257088	0.305090955	0.338924868	0.372758842	0.406592898	0.440427049	0.474261308	0.508095688	0.541929946	0.575764352	0.609598748	0.643433386	0.677268029	0.711102817	0.74493743	0.778772523	0.812606958	0.846412439	0.880114415	0.943993154	1.007859901	1.071713071	1.135546849	1.200553546	1.265553554	1.330553562	1.395553571	1.460553579	1.525553588	1.590553596	1.655553605	1.720553613	1.785553622	1.85055363	1.915553639	1.980553648	2.045553656	2.110553665	2.175553674	2.240553682	2.305553691	2.3705537
1	0.02491637	0.075523151	0.127367974	0.170539593	0.216425462	0.266121024	0.316121024	0.366121025	0.416121025	0.466121025	0.516121025	0.566121025	0.616121025	0.666121025	0.716121025	0.766121026	0.816121026	0.866121026	0.916121026	0.966121026	1.016121026	1.066121026	1.116121026	1.166121026	1.216121027	1.266121027	1.316121027	1.366121027	1.416121027	1.466121027	1.516121027	1.566121027	1.616121028	1.666121028	1.716121028	1.766121028	1.816121028	1.866121028	1.916121028	1.966121028	2.016121028	2.066121029	2.116121029	2.166121029	2.216121029	2.266121029	2.316121029	2.366121029	2.416121029	2.46612103
2	0.00229715	0.011405472	0.039649052	0.079349563	0.121343366	0.164755663	0.211604141	0.261052779	0.31105278	0.36105278	0.41105278	0.461052781	0.511052781	0.561052782	0.611052782	0.661052783	0.711052783	0.761052783	0.811052784	0.861052784	0.911052785	0.961052785	1.011052786	1.061052786	1.111052786	1.161052787	1.211052787	1.261052788	1.311052788	1.361052789	1.411052789	1.46105279	1.51105279	1.56105279	1.611052791	1.661052791	1.711052792	1.761052792	1.811052793	1.861052793	1.911052793	1.961052794	2.011052794	2.061052795	2.111052795	2.161052796	2.211052796	2.261052797	2.311052797	2.361052797
3	0.011312985	0.05149193	0.101967868	0.151709002	0.201656931	0.251656931	0.301656931	0.351656931	0.401656931	0.451656931	0.501656931	0.551656931	0.601656931	0.651656931	0.701656931	0.751656931	0.801656931	0.851656931	0.901656931	0.951656931	1.001656931	1.051656931	1.101656931	1.151656931	1.201656931	1.251656931	1.301656931	1.351656931	1.401656931	1.451656931	1.501656931	1.551656931	1.601656931	1.651656931	1.701656931	1.751656931	1.801656931	1.851656931	1.901656931	1.951656931	2.001656931	2.051656931	2.101656931	2.151656931	2.201656931	2.251656931	2.301656931	2.351656931	2.401656931	2.451656931
4	0.005052957	0.01515997	0.03485033	0.068284688	0.11064955	0.159575953	0.209575953	0.259575953	0.309575953	0.359575953	0.409575953	0.459575953	0.509575953	0.559575954	0.609575954	0.659575954	0.709575954	0.759575954	0.809575954	0.859575954	0.909575954	0.959575954	1.009575954	1.059575954	1.109575954	1.159575954	1.209575954	1.259575954	1.309575954	1.359575954	1.409575954	1.459575954	1.509575954	1.559575954	1.609575954	1.659575954	1.709575955	1.759575955	1.809575955	1.859575955	1.909575955	1.959575955	2.009575955	2.059575955	2.109575955	2.159575955	2.209575955	2.259575955	2.309575955	2.359575955
5	0.003649841	0.008993133	0.01797326	0.033552585	0.059783112	0.095636679	0.13855725	0.185616543	0.235616544	0.285616544	0.335616544	0.385616544	0.435616544	0.485616544	0.535616544	0.585616545	0.635616545	0.685616545	0.735616545	0.785616545	0.835616545	0.885616545	0.935616546	0.985616546	1.035616546	1.085616546	1.135616546	1.185616546	1.235616547	1.285616547	1.335616547	1.385616547	1.435616547	1.485616547	1.535616547	1.585616548	1.635616548	1.685616548	1.735616548	1.785616548	1.835616548	1.885616549	1.935616549	1.985616549	2.035616549	2.085616549	2.135616549	2.185616549	2.23561655	2.28561655
6	0.004865078	0.01396155	0.02847424	0.051373546	0.084440586	0.126902833	0.1748693	0.2248693	0.2748693	0.3248693	0.3748693	0.4248693	0.4748693	0.5248693	0.5748693	0.6248693	0.6748693	0.724849561	0.774783389	0.824662895	0.874482827	0.924239493	0.973930426	1.023554197	1.073110245	1.122598679	1.172020254	1.221376423	1.270667492	1.319890213	1.369039485	1.41810863	1.46810863	1.51810863	1.56810863	1.61810863	1.66810863	1.71810863	1.76810863	1.81810863	1.86810863	1.91810863	1.96810863	2.01810863	2.06810863	2.11810863	2.16810863	2.21810863	2.26810863	2.31810863
7	0.006483085	0.017350484	0.03207568	0.05254271	0.079991206	0.113420869	0.150186059	0.190305432	0.234708425	0.283380405	0.333380405	0.383380405	0.433380405	0.483380405	0.533380405	0.583380406	0.633380406	0.683380406	0.733380406	0.783380406	0.833380406	0.883380407	0.933380407	0.983380407	1.033380407	1.083380407	1.133380407	1.183380408	1.233380408	1.283380408	1.333380408	1.383380408	1.433380408	1.483380409	1.533380409	1.583380409	1.633380409	1.683380409	1.733380409	1.783380409	1.83338041	1.88338041	1.93338041	1.98338041	2.03338041	2.08338041	2.133380411	2.183380411	2.233380411	2.283380411
8	0.005323508	0.019467017	0.044044702	0.079474714	0.126156003	0.176156003	0.226156003	0.276156003	0.326156003	0.376156003	0.426156003	0.476156003	0.526156003	0.576156003	0.626156003	0.676156003	0.726156003	0.776156003	0.826156003	0.876156003	0.926156003	0.976156003	1.026156003	1.076156003	1.126156003	1.176156003	1.226156003	1.276156003	1.326156003	1.376156003	1.426156003	1.476156003	1.526156003	1.576156003	1.626156003	1.676156003	1.726156003	1.776156003	1.826156003	1.876156003	1.926156003	1.976156003	2.026156003	2.076156003	2.126156003	2.176156003	2.226156003	2.276156003	2.326156003	2.376156003
9	0.003593389	0.011444133	0.027288116	0.050746505	0.079509787	0.113814796	0.152159324	0.194190734	0.240891989	0.290694601	0.340694601	0.390694601	0.440694601	0.490694601	0.540694601	0.590694602	0.640694602	0.690694602	0.740694602	0.790694602	0.840694602	0.890694602	0.940694602	0.990694603	1.040694603	1.090694603	1.140694603	1.190694603	1.240694603	1.290694603	1.340694603	1.390694603	1.440694604	1.490694604	1.540694604	1.590694604	1.640694604	1.690694604	1.740694604	1.790694604	1.840694604	1.890694605	1.940694605	1.990694605	2.040694605	2.090694605	2.140694605	2.190694605	2.240694605	2.290694605
10	0.003876769	0.019542704	0.042608218	0.076574511	0.120350311	0.168652684	0.218502829	0.268502829	0.318502829	0.368502829	0.41850283	0.46850283	0.51850283	0.56850283	0.61850283	0.66850283	0.71850283	0.76850283	0.81850283	0.86850283	0.91850283	0.96850283	1.01850283	1.06850283	1.11850283	1.16850283	1.21850283	1.26850283	1.31850848	1.368559231	1.418661636	1.468820193	1.518820193	1.568820193	1.618820193	1.668820193	1.718820193	1.768820193	1.818820193	1.868820193	1.918820193	1.968820193	2.018820193	2.068820193	2.118820193	2.168820193	2.218820193	2.268820193	2.318820193	2.368820193
11	0.019724842	0.048184742	0.089519886	0.139449477	0.189436759	0.239436759	0.289436759	0.339436759	0.389436759	0.439436759	0.489436759	0.539436759	0.589436759	0.639436759	0.689436759	0.739436759	0.789436759	0.839436759	0.889436759	0.939436759	0.989436759	1.039436759	1.089436759	1.139436759	1.189436759	1.239436759	1.289436759	1.339436759	1.389436759	1.439436759	1.489436759	1.539436759	1.589436759	1.639436759	1.689436759	1.739436759	1.789436759	1.839436759	1.889436759	1.939436759	1.989436759	2.039436759	2.089436759	2.139436759	2.189436759	2.239436759	2.289436759	2.339436759	2.389436759	2.439436759
12	0.008146966	0.028055444	0.066147012	0.114215277	0.164215277	0.214215277	0.264215277	0.314215277	0.364215277	0.414215277	0.464215277	0.514215277	0.564215277	0.614215277	0.664215277	0.714215277	0.764215277	0.814215277	0.864215277	0.914215277	0.964215277	1.014215277	1.064215278	1.114215278	1.164215278	1.214215278	1.264215278	1.314215278	1.364215278	1.414215278	1.464215278	1.514215278	1.564215278	1.614215278	1.664215278	1.714215278	1.764215278	1.814215278	1.864215278	1.914215278	1.964215278	2.014215278	2.064215279	2.114215279	2.164215279	2.214215279	2.264215279	2.314215279	2.364215279	2.414215279
13	0.003677891	0.019533551	0.043709984	0.075165506	0.113767988	0.157442058	0.20444052	0.253468397	0.303468397	0.353468397	0.403468397	0.453468397	0.503468397	0.553468397	0.603468397	0.653468397	0.703468398	0.753468398	0.803468398	0.853468398	0.903468398	0.953468398	1.003468398	1.053468398	1.103449253	1.153389247	1.203286542	1.253141843	1.303141843	1.353141843	1.403141843	1.453141843	1.503141843	1.553141843	1.603141843	1.653141843	1.703141844	1.753141844	1.803141844	1.853141844	1.903141844	1.953141844	2.003141844	2.053141844	2.103141844	2.153141845	2.203141845	2.253141845	2.303141845	2.353141845
14	0.005353296	0.021536406	0.046375595	0.07341172	0.105626212	0.143857418	0.187609745	0.23576226	0.284998428	0.334234449	0.383470328	0.432706059	0.481941644	0.531177086	0.580412381	0.629647528	0.678882533	0.728321743	0.778138927	0.828244227	0.878593431	0.92915153	0.979890835	1.030788368	1.081824781	1.132983297	1.184249489	1.235589827	1.28695318	1.338317889	1.389692203	1.44144117	1.491441169	1.541441168	1.591441167	1.641441166	1.691441165	1.741441164	1.791441163	1.841441162	1.89144116	1.941441159	1.991441158	2.041441157	2.091441156	2.141441155	2.191441154	2.241441153	2.291441152	2.341441151
15	0.001840978	0.005592233	0.016839432	0.038869	0.07107588	0.111196302	0.156154915	0.204276071	0.253966251	0.303966251	0.353966251	0.403966252	0.453966252	0.503966252	0.553966252	0.603966253	0.653966253	0.703966253	0.753966253	0.803966254	0.853966254	0.903966254	0.953966254	1.003966254	1.053966255	1.103966255	1.153966255	1.203966255	1.253966256	1.303966256	1.353966256	1.403966256	1.453966257	1.503966257	1.553966257	1.603966257	1.653966258	1.703966258	1.753966258	1.803966258	1.853966259	1.903966259	1.953966259	2.003966259	2.053966259	2.10396626	2.15396626	2.20396626	2.25396626	2.303966261
16	0.002524735	0.020143044	0.047539872	0.083699996	0.126050142	0.172843375	0.222843375	0.272843375	0.322843375	0.372843376	0.422843376	0.472843376	0.522843376	0.572843376	0.622843377	0.672843377	0.722843377	0.772843377	0.822843377	0.872843378	0.922843378	0.972843378	1.022843378	1.072843378	1.122843379	1.172843379	1.222843379	1.272843379	1.32284338	1.37284338	1.42284338	1.47284338	1.52284338	1.572843381	1.622843381	1.672843381	1.722843381	1.772843381	1.822843382	1.872843382	1.922843382	1.972843382	2.022843382	2.072843383	2.122843383	2.172843383	2.222843383	2.272843383	2.322843384	2.372843384
17	0.004388489	0.021817596	0.053962124	0.095707962	0.143593589	0.193593589	0.24359359	0.29359359	0.34359359	0.39359359	0.44359359	0.49359359	0.54359359	0.59359359	0.64359359	0.69359359	0.74359359	0.79359359	0.84359359	0.89359359	0.94359359	0.99359359	1.04359359	1.09359359	1.143593591	1.193593591	1.243593591	1.293593591	1.343593591	1.393593591	1.443593591	1.493593591	1.543593591	1.593593591	1.643593591	1.693593591	1.743593591	1.793593591	1.843593591	1.893593591	1.943593591	1.993593591	2.043593592	2.093593592	2.143593592	2.193593592	2.243593592	2.293593592	2.343593592	2.393593592
18	0.028624511	0.071446873	0.121446873	0.171446873	0.221446873	0.271446873	0.321446873	0.371446873	0.421446873	0.471446873	0.521446873	0.571446873	0.621446873	0.671446874	0.721446874	0.771446874	0.821446874	0.871446874	0.921446874	0.971446874	1.021446874	1.071446874	1.121446874	1.171446874	1.221446875	1.271449575	1.321459275	1.371478477	1.421478478	1.471478478	1.521478478	1.571478478	1.621478478	1.671478478	1.721478478	1.771478478	1.821478478	1.871478478	1.921478478	1.971478478	2.021478479	2.071478479	2.121478479	2.171478479	2.221478479	2.271478479	2.321478479	2.371478479	2.421478479	2.471478479
19	0.021344807	0.047472837	0.079571888	0.118289555	0.159940172	0.203103089	0.247045936	0.291391226	0.335944278	0.380604656	0.425320645	0.470065451	0.51482519	0.559592766	0.60436446	0.649138224	0.693913018	0.738688359	0.783463966	0.828239747	0.873015602	0.917791545	0.962567514	1.007343573	1.052135247	1.096957682	1.141805763	1.191805765	1.241805767	1.291805769	1.341805772	1.391805774	1.441805776	1.491805778	1.54180578	1.591805783	1.641805785	1.691805787	1.741805789	1.791805791	1.841805794	1.891805796	1.941805798	1.9918058	2.041805803	2.091805805	2.141805807	2.191805809	2.241805811	2.291805814
20	0.027818858	0.077818858	0.127818858	0.177818858	0.227818858	0.277818858	0.327818858	0.377818858	0.427818858	0.477818858	0.527818858	0.577818858	0.627818858	0.677818858	0.727818858	0.777818858	0.827818858	0.877818858	0.927818858	0.977818858	1.027818858	1.077818858	1.127818858	1.177818858	1.227818858	1.277818858	1.327818858	1.377818858	1.427818858	1.477818858	1.527818858	1.577818858	1.627818859	1.677818859	1.727818859	1.777818859	1.827818859	1.877818859	1.927818859	1.977818859	2.027818859	2.077818859	2.127818859	2.177818859	2.227818859	2.277818859	2.327818859	2.377818859	2.427818859	2.477818859
21	0.046423476	0.096423476	0.146423476	0.196423476	0.246423476	0.296423476	0.346423476	0.396423476	0.446423476	0.496423476	0.546423476	0.596423476	0.646423476	0.696423476	0.746423476	0.796423476	0.846423476	0.896423476	0.946423476	0.996423476	1.046423476	1.096423476	1.146423476	1.196423476	1.246423476	1.296423476	1.346423476	1.396423476	1.446423476	1.496423476	1.546423477	1.596423477	1.646423477	1.696423477	1.746423477	1.796423477	1.846423477	1.896423477	1.946423477	1.996423477	2.046423477	2.096423477	2.146423477	2.196423477	2.246423477	2.296423477	2.346423477	2.396423477	2.446423477	2.496423477
22	0.049370971	0.099370971	0.149370972	0.199370972	0.249370972	0.299370972	0.349370972	0.399370972	0.449370972	0.499370972	0.549370972	0.599370972	0.649370972	0.699370972	0.749370972	0.799370972	0.849370972	0.899370972	0.949370972	0.999370972	1.049370972	1.099370973	1.149370973	1.199370973	1.249370973	1.299370973	1.349370973	1.399370973	1.449370973	1.499370973	1.549370973	1.599370973	1.649370973	1.699370973	1.749370973	1.799370973	1.849370973	1.899370973	1.949370973	1.999370973	2.049370974	2.099370974	2.149370974	2.199370974	2.249370974	2.299370974	2.349370974	2.399370974	2.449370974	2.499370974
23	0.028303741	0.063822945	0.108436124	0.158023583	0.208023584	0.258023584	0.308023584	0.358023584	0.408023585	0.458023585	0.508023585	0.558023586	0.608023586	0.658023586	0.708023586	0.758023587	0.808023587	0.858023587	0.908023588	0.958023588	1.008023588	1.058023588	1.108023589	1.158023589	1.208023589	1.25802359	1.30802359	1.35802359	1.40802359	1.458023591	1.508023591	1.558023591	1.608023592	1.658023592	1.708023592	1.758023592	1.808023593	1.858023593	1.908023593	1.958023594	2.008023594	2.058023594	2.108023594	2.158023595	2.208023595	2.258023595	2.308023596	2.358023596	2.408023596	2.458023596
																																																		57.24529627
