197
0.6918784,-0.6918808,-0.6997818,-0.7004877
0.6851282,-0.6844753,-1.169919,-1.151559
0.7727862,-0.8070048,-1.300681,-1.300277
1.493394,-1.154581,-1.313707,-1.300276
1.493352,-1.154582,-1.313816,-1.300281
1.493308,-1.154582,-1.313926,-1.30027
1.493264,-1.154583,-1.314039,-1.300259
1.493218,-1.154583,-1.314154,-1.300251
1.493172,-1.154585,-1.314271,-1.300244
1.493126,-1.154585,-1.31439,-1.300238
1.493078,-1.154584,-1.314511,-1.300232
1.493029,-1.154587,-1.314634,-1.300225
1.49298,-1.154589,-1.31476,-1.300218
1.492929,-1.154588,-1.314888,-1.30021
1.492878,-1.154585,-1.315018,-1.300201
1.492825,-1.15459,-1.315151,-1.300191
1.492772,-1.15459,-1.315287,-1.30018
1.492717,-1.1546,-1.315425,-1.300168
1.492661,-1.154584,-1.315566,-1.300154
1.492604,-1.154886,-1.31571,-1.30014
1.492547,-1.161198,-1.315739,-1.300123
1.492487,-1.161711,-1.315867,-1.300106
1.492427,-1.167483,-1.315709,-1.300087
1.492366,-1.167951,-1.315819,-1.300066
1.492303,-1.173068,-1.3155,-1.300043
1.492239,-1.173585,-1.315583,-1.300019
1.492173,-1.178198,-1.315118,-1.299993
1.492106,-1.178687,-1.315178,-1.299964
1.492038,-1.182988,-1.31456,-1.299934
1.491968,-1.183472,-1.314592,-1.299901
1.491897,-1.187345,-1.313866,-1.299865
1.491824,-1.187848,-1.313862,-1.299827
1.49175,-1.191506,-1.313,-1.299786
1.491674,-1.191958,-1.312976,-1.299742
1.491596,-1.195377,-1.312002,-1.299694
1.491516,-1.19575,-1.311972,-1.299644
1.491435,-1.199125,-1.310831,-1.299589
1.491352,-1.199462,-1.310784,-1.299531
1.491267,-1.202524,-1.309594,-1.299468
1.49118,-1.202872,-1.309514,-1.299401
1.491091,-1.205876,-1.308183,-1.299329
1.490999,-1.206159,-1.308103,-1.299252
1.490905,-1.209031,-1.306676,-1.29917
1.49081,-1.209205,-1.306629,-1.299082
1.490712,-1.212134,-1.305015,-1.299367
1.490612,-1.212896,-1.304626,-1.29759
1.497547,-1.257683,-1.303761,-1.298428
1.499524,-1.268879,-1.3033,-1.298428
1.499524,-1.281287,-1.299909,-1.298428
1.499524,-1.289831,-1.299909,-1.298428
1.499524,-1.294348,-1.299909,-1.298428
1.499524,-1.296314,-1.299909,-1.298428
1.499524,-1.296909,-1.299909,-1.298428
1.499524,-1.296794,-1.299909,-1.298519
1.499524,-1.29636,-1.299909,-1.29893
1.499524,-1.295923,-1.299909,-1.299343
1.499524,-1.295484,-1.299909,-1.299758
1.499524,-1.295043,-1.299909,-1.300176
1.499524,-1.2946,-1.299909,-1.300595
1.499524,-1.294156,-1.299909,-1.301016
1.499524,-1.293711,-1.299909,-1.301438
1.499524,-1.293266,-1.299909,-1.301861
1.499524,-1.292821,-1.299909,-1.302284
1.499524,-1.292377,-1.299909,-1.302707
1.499524,-1.291935,-1.299909,-1.303129
1.499524,-1.291495,-1.299909,-1.303549
1.499524,-1.291058,-1.299909,-1.303968
1.499524,-1.290626,-1.299909,-1.304383
1.499524,-1.290199,-1.299909,-1.304794
1.499524,-1.289778,-1.299909,-1.3052
1.499524,-1.289365,-1.299909,-1.305599
1.499524,-1.288961,-1.299909,-1.305991
1.499524,-1.288568,-1.299909,-1.306374
1.499524,-1.288186,-1.299909,-1.306746
1.499524,-1.287818,-1.299909,-1.307107
1.499524,-1.287464,-1.299909,-1.307455
1.499524,-1.287127,-1.299909,-1.307788
1.499524,-1.286808,-1.299909,-1.308104
1.499524,-1.286509,-1.299909,-1.308402
1.499524,-1.286231,-1.299909,-1.308681
1.499524,-1.285975,-1.299909,-1.308939
1.499524,-1.285743,-1.299909,-1.309173
1.499524,-1.285536,-1.299909,-1.309384
1.499524,-1.285356,-1.299909,-1.309569
1.499524,-1.285203,-1.299909,-1.309728
1.499524,-1.285078,-1.299909,-1.309859
1.499524,-1.284981,-1.299909,-1.309962
1.499524,-1.284923,-1.299909,-1.310028
1.499524,-1.284911,-1.299909,-1.310053
1.499524,-1.284898,-1.299909,-1.310079
1.499524,-1.284885,-1.299909,-1.310107
1.499524,-1.284871,-1.299909,-1.310136
1.499524,-1.284857,-1.299909,-1.310168
1.499524,-1.284842,-1.299909,-1.310202
1.499524,-1.284827,-1.299909,-1.310238
1.499524,-1.28481,-1.299909,-1.310278
1.499524,-1.284793,-1.299909,-1.310321
1.499524,-1.284775,-1.299909,-1.310368
1.499524,-1.284755,-1.299909,-1.31042
1.499524,-1.284734,-1.299909,-1.310479
1.499524,-1.284711,-1.299909,-1.310546
1.499524,-1.284687,-1.299909,-1.310623
1.499524,-1.284661,-1.299909,-1.310714
1.499524,-1.284632,-1.299909,-1.310826
1.499524,-1.2846,-1.299909,-1.310969
1.499524,-1.284565,-1.299909,-1.310969
1.499524,-1.274289,-1.299909,-1.310969
1.499524,-1.260295,-1.299909,-1.310969
1.499524,-1.247625,-1.299909,-1.310969
1.499524,-1.239175,-1.299909,-1.310969
1.499524,-1.23396,-1.299909,-1.310969
1.499524,-1.23396,-1.299909,-1.310969
1.499524,-1.23396,-1.299909,-1.310969
1.499524,-1.23396,-1.299909,-1.310969
1.499524,-1.23396,-1.299909,-1.310969
1.499524,-1.23396,-1.299909,-1.310969
1.499524,-1.23396,-1.299909,-1.310969
1.499524,-1.23396,-1.299909,-1.310969
1.499524,-1.23396,-1.299909,-1.310969
1.499524,-1.23396,-1.299909,-1.310969
1.499524,-1.23396,-1.299909,-1.310969
1.499524,-1.23396,-1.299909,-1.310969
1.499524,-1.23396,-1.299909,-1.310969
1.499524,-1.23396,-1.299909,-1.310969
1.499524,-1.23396,-1.299909,-1.310969
1.499524,-1.23396,-1.299909,-1.310969
1.499524,-1.23396,-1.299909,-1.310969
1.499524,-1.23396,-1.299909,-1.310969
1.499524,-1.23396,-1.299909,-1.310969
1.499524,-1.23396,-1.299909,-1.310969
1.499524,-1.23396,-1.299909,-1.310969
1.499524,-1.23396,-1.299909,-1.310969
1.499524,-1.23396,-1.299909,-1.310969
1.499524,-1.23396,-1.299909,-1.310969
1.499524,-1.23396,-1.299909,-1.310969
1.499524,-1.23396,-1.299909,-1.310969
1.499524,-1.23396,-1.299909,-1.310969
1.499524,-1.23396,-1.299909,-1.310969
1.499524,-1.23396,-1.299909,-1.310969
1.499524,-1.23396,-1.299909,-1.310969
1.499524,-1.23396,-1.299909,-1.310969
1.499524,-1.23396,-1.299909,-1.310969
1.499524,-1.23396,-1.299909,-1.310969
1.499524,-1.23396,-1.299909,-1.310969
1.499524,-1.23396,-1.299909,-1.310969
1.499524,-1.23396,-1.299909,-1.310969
1.499524,-1.23396,-1.299909,-1.310969
1.499524,-1.23396,-1.299909,-1.310969
1.499524,-1.23396,-1.299909,-1.310969
1.499524,-1.23396,-1.299909,-1.310969
1.499524,-1.23396,-1.299909,-1.310969
1.499524,-1.23396,-1.299909,-1.310969
1.499524,-1.23396,-1.299909,-1.310969
1.499524,-1.23396,-1.299909,-1.310969
1.499524,-1.23396,-1.299909,-1.310969
1.499524,-1.23396,-1.299909,-1.310969
1.499524,-1.23396,-1.299909,-1.310969
1.499524,-1.23396,-1.299909,-1.310969
1.499524,-1.23396,-1.299909,-1.310969
1.499524,-1.23396,-1.299909,-1.310969
1.499524,-1.23396,-1.299909,-1.310969
1.499524,-1.23396,-1.299909,-1.310969
1.499524,-1.23396,-1.299909,-1.310969
1.499524,-1.23396,-1.299909,-1.310969
1.499524,-1.23396,-1.299909,-1.310969
1.499524,-1.23396,-1.299909,-1.310969
1.499524,-1.23396,-1.299909,-1.310969
1.499524,-1.23396,-1.299909,-1.310969
1.499524,-1.23396,-1.299909,-1.310969
1.499524,-1.23396,-1.299909,-1.310969
1.499524,-1.23396,-1.299909,-1.310969
1.499524,-1.23396,-1.299909,-1.310969
1.499524,-1.23396,-1.299909,-1.310969
1.499524,-1.23396,-1.299909,-1.310969
1.499524,-1.23396,-1.299909,-1.310969
1.499524,-1.23396,-1.299909,-1.310969
1.499524,-1.23396,-1.299909,-1.310969
1.499524,-1.23396,-1.299909,-1.310969
1.499524,-1.23396,-1.299909,-1.310969
1.499524,-1.23396,-1.299909,-1.310969
1.499524,-1.23396,-1.299909,-1.310969
1.499524,-1.23396,-1.299909,-1.310969
1.499524,-1.23396,-1.299909,-1.310969
1.499524,-1.23396,-1.299909,-1.310969
1.499524,-1.23396,-1.299909,-1.310969
1.499524,-1.23396,-1.299909,-1.310969
1.499524,-1.23396,-1.299909,-1.310969
1.499524,-1.23396,-1.299909,-1.310969
1.499524,-1.23396,-1.299909,-1.310969
1.499524,-1.23396,-1.299909,-1.310969
1.499524,-1.23396,-1.299909,-1.310969
1.499524,-1.23396,-1.299909,-1.310969
1.499524,-1.23396,-1.299909,-1.310969
1.499524,-1.23396,-1.299909,-1.310969
1.499524,-1.23396,-1.299909,-1.310969
1.499524,-1.23396,-1.299909,-1.310969
1.499524,-1.23396,-1.299909,-1.310969
