197
-1.313778E-4,0.00125,0.0464604,-0.0438057
-0.03820258,0.02589408,0.2496104,-0.2613427
-0.1516443,0.1853234,0.09856495,-0.1477874
-0.09031213,0.09752919,0.02737141,-0.1477874
-0.09030913,0.09752928,0.02732293,-0.1156673
-0.09030625,0.09752954,0.0272738,-0.09919369
-0.09030328,0.09752976,0.0272234,-0.09073843
-0.09030023,0.09752995,0.02717252,-0.08639496
-0.09029711,0.09753019,0.02712005,-0.0841613
-0.09029364,0.09753001,0.02706789,-0.08301107
-0.09029,0.09752975,0.02701517,-0.08241729
-0.09028652,0.09752993,0.02695949,-0.08210972
-0.09028324,0.09753028,0.02690298,-0.08194947
-0.09027955,0.09753011,0.02684739,-0.08186526
-0.09027573,0.09752972,0.0267917,-0.08182003
-0.09027207,0.09753016,0.02673043,-0.08179483
-0.090268,0.09752989,0.02667081,-0.08178004
-0.09026441,0.09753088,0.0266048,-0.08177021
-0.0902604,0.09752971,0.02655075,-0.08176308
-0.09025654,0.09755126,0.02633203,-0.08175745
-0.09025222,0.09799874,0.0227992,-0.08175265
-0.09024784,0.09803497,0.02244868,-0.08174802
-0.09024365,0.09844444,0.01903189,-0.08174344
-0.09023946,0.09847778,0.01868677,-0.08173897
-0.09023495,0.09884075,0.01551657,-0.08173454
-0.09023027,0.09887727,0.01512624,-0.08172997
-0.09022532,0.0992042,0.01216242,-0.08172577
-0.09022086,0.09923915,0.01177581,-0.08172109
-0.090216,0.09954422,0.008933952,-0.0817164
-0.09021105,0.09957856,0.008541468,-0.08171148
-0.09020567,0.09985295,0.005931191,-0.08170638
-0.09020046,0.09988858,0.005522092,-0.08170094
-0.09019548,0.1001484,0.003026749,-0.08169537
-0.09019021,0.1001806,0.002649176,-0.0816898
-0.09018433,0.1004228,3.080622E-4,-0.08168502
-0.09017903,0.1004496,-1.531126E-5,-0.08167934
-0.09017368,0.1006894,-0.002315749,-0.0816734
-0.09016796,0.1007135,-0.002609248,-0.08166715
-0.09016202,0.1009308,-0.004672027,-0.08166033
-0.09015528,0.1009549,-0.004961587,-0.08165275
-0.09014821,0.1011673,-0.006942455,-0.08164375
-0.09014335,0.101189,-0.007180387,-0.08163256
-0.09013831,0.1013944,-0.009020391,-0.08161809
-0.09013031,0.1014055,-0.009175952,-0.08159875
-0.09012237,0.1016123,-0.01097615,-0.0776496
-0.09011294,0.101664,-0.01149593,0.04472469
-0.03286222,0.04548969,-0.01234822,0.06391216
0.03779599,-0.01813663,-0.01275337,0.06391203
0.03779596,-0.04747206,-0.01540777,0.06391189
0.03779592,-0.06002164,-0.0154079,0.06391174
0.03779588,-0.06538746,-0.01540803,0.06391159
0.03779584,-0.06757348,-0.01540817,0.06391144
0.03779581,-0.06824219,-0.01540832,0.06391128
0.03779577,-0.0681774,-0.01540846,0.06382212
0.03779573,-0.06781274,-0.01540862,0.0634326
0.03779568,-0.06747161,-0.01540878,0.06306567
0.03779564,-0.06715447,-0.01540894,0.06272263
0.0377956,-0.06686185,-0.01540911,0.06240378
0.03779556,-0.06659466,-0.01540929,0.06210945
0.03779551,-0.06635278,-0.01540948,0.0618406
0.03779547,-0.06613702,-0.01540967,0.06159735
0.03779542,-0.06594782,-0.01540987,0.06138046
0.03779538,-0.06578599,-0.01541009,0.06119049
0.03779533,-0.06565149,-0.01540987,0.06102792
0.03779528,-0.06554472,-0.01541008,0.06089351
0.03779523,-0.0654663,-0.01540985,0.0607874
0.03779518,-0.06541626,-0.01541008,0.06071062
0.03779513,-0.06539499,-0.01540984,0.06066282
0.03779508,-0.06540253,-0.01541008,0.06064487
0.03779502,-0.06543901,-0.01540983,0.060657
0.03779497,-0.06550411,-0.01541008,0.06069913
0.03779491,-0.06559772,-0.01540981,0.06077144
0.03779485,-0.0657195,-0.01541008,0.06087349
0.0377948,-0.06586903,-0.0154098,0.06100511
0.03779473,-0.06604534,-0.01541008,0.06116648
0.03779467,-0.06624782,-0.01540978,0.0613563
0.03779461,-0.06647528,-0.01541008,0.06157388
0.03779455,-0.06672607,-0.01540976,0.061818
0.03779448,-0.066999,-0.01541008,0.06208779
0.03779441,-0.06729216,-0.01540974,0.0623818
0.03779434,-0.06760357,-0.01541008,0.06269784
0.03779427,-0.06793136,-0.01540971,0.0630341
0.0377942,-0.06827239,-0.01541007,0.06338848
0.03779413,-0.06862465,-0.01540968,0.0637588
0.03779405,-0.0689857,-0.01541007,0.06414173
0.03779397,-0.06935235,-0.01540964,0.06453488
0.03779389,-0.069721,-0.01541007,0.06493499
0.03779381,-0.07002597,-0.0154096,0.0652819
0.03779372,-0.07009083,-0.01541006,0.06541567
0.03779364,-0.07015776,-0.01540955,0.06555673
0.03779355,-0.0702277,-0.01541006,0.06570634
0.03779346,-0.07030125,-0.01540948,0.06586585
0.03779336,-0.07037782,-0.01541006,0.06603619
0.03779326,-0.07045805,-0.0154094,0.06621793
0.03779316,-0.07054234,-0.01541005,0.0664139
0.03779306,-0.0706314,-0.0154093,0.06662587
0.03779295,-0.07072487,-0.01541004,0.06685792
0.03779284,-0.07082475,-0.01540916,0.06711206
0.03779273,-0.07093097,-0.01541003,0.06739316
0.03779261,-0.07104345,-0.01540896,0.06770852
0.03779249,-0.07116512,-0.01541001,0.06806872
0.03779237,-0.07129643,-0.01540865,0.06848534
0.03779224,-0.07143824,-0.01540998,0.06897797
0.03779211,-0.07159347,-0.01541181,0.06957865
0.03779197,-0.0717642,-0.01540993,0.07034786
0.03779183,-0.07195564,-0.01541282,0.07034786
0.03779168,-0.06618151,-0.01541282,0.07034786
0.03779153,-0.05412917,-0.01541282,0.07034786
0.03779137,-0.03615992,-0.01541282,0.07034786
0.03779123,-0.01501441,-0.01541282,0.07034786
0.0377911,0.004852464,-0.01541282,0.07034786
0.03779096,0.004852464,-0.01541282,0.07034786
0.03779082,0.004852464,-0.01541282,0.07034786
0.03779067,0.004852464,-0.01541282,0.07034786
0.03779052,0.004852464,-0.01541282,0.07034786
0.03779035,0.004852464,-0.01541282,0.07034786
0.03779019,0.004852464,-0.01541282,0.07034786
0.03779001,0.004852464,-0.01541282,0.07034786
0.03778983,0.004852464,-0.01541282,0.07034786
0.0377901,0.004852464,-0.01541282,0.07034786
0.03778991,0.004852464,-0.01541282,0.07034786
0.0377902,0.004852464,-0.01541282,0.07034786
0.03779,0.004852464,-0.01541282,0.07034786
0.03779031,0.004852464,-0.01541282,0.07034786
0.03779011,0.004852464,-0.01541282,0.07034786
0.03778989,0.004852464,-0.01541282,0.07034786
0.03779022,0.004852464,-0.01541282,0.07034786
0.03778999,0.004852464,-0.01541282,0.07034786
0.03779034,0.004852464,-0.01541282,0.07034786
0.03779011,0.004852464,-0.01541282,0.07034786
0.03778986,0.004852464,-0.01541282,0.07034786
0.03779024,0.004852464,-0.01541282,0.07034786
0.03778998,0.004852464,-0.01541282,0.07034786
0.03779039,0.004852464,-0.01541282,0.07034786
0.03779011,0.004852464,-0.01541282,0.07034786
0.03778982,0.004852464,-0.01541282,0.07034786
0.03779027,0.004852464,-0.01541282,0.07034786
0.03778996,0.004852464,-0.01541282,0.07034786
0.03779045,0.004852464,-0.01541282,0.07034786
0.03779012,0.004852464,-0.01541282,0.07034786
0.03778976,0.004852464,-0.01541282,0.07034786
0.03779031,0.004852464,-0.01541282,0.07034786
0.03778993,0.004852464,-0.01541282,0.07034786
0.03779054,0.004852464,-0.01541282,0.07034786
0.03779013,0.004852464,-0.01541282,0.07034786
0.03778967,0.004852464,-0.01541282,0.07034786
0.03779038,0.004852464,-0.01541282,0.07034786
0.03778988,0.004852464,-0.01541282,0.07034786
0.03779071,0.004852464,-0.01541282,0.07034786
0.03779015,0.004852464,-0.01541282,0.07034786
0.0377895,0.004852464,-0.01541282,0.07034786
0.03779052,0.004852464,-0.01541282,0.07034786
0.03778977,0.004852464,-0.01541282,0.07034786
0.03779105,0.004852464,-0.01541282,0.07034786
0.03779019,0.004852464,-0.01541282,0.07034786
0.03778909,0.004852464,-0.01541282,0.07034786
0.03779087,0.004852464,-0.01541282,0.07034786
0.03778948,0.004852464,-0.01541282,0.07034786
0.03779221,0.004852464,-0.01541282,0.07034786
0.03779036,0.004852464,-0.01541282,0.07034786
0.03779036,0.004852464,-0.01541282,0.07034786
0.03779036,0.004852464,-0.01541282,0.07034786
0.03779036,0.004852464,-0.01541282,0.07034786
0.03779036,0.004852464,-0.01541282,0.07034786
0.03779036,0.004852464,-0.01541282,0.07034786
0.03779036,0.004852464,-0.01541282,0.07034786
0.03779036,0.004852464,-0.01541282,0.07034786
0.03779036,0.004852464,-0.01541282,0.07034786
0.03779036,0.004852464,-0.01541282,0.07034786
0.03779036,0.004852464,-0.01541282,0.07034786
0.03779036,0.004852464,-0.01541282,0.07034786
0.03779036,0.004852464,-0.01541282,0.07034786
0.03779036,0.004852464,-0.01541282,0.07034786
0.03779036,0.004852464,-0.01541282,0.07034786
0.03779036,0.004852464,-0.01541282,0.07034786
0.03779036,0.004852464,-0.01541282,0.07034786
0.03779036,0.004852464,-0.01541282,0.07034786
0.03779036,0.004852464,-0.01541282,0.07034786
0.03779036,0.004852464,-0.01541282,0.07034786
0.03779036,0.004852464,-0.01541282,0.07034786
0.03779036,0.004852464,-0.01541282,0.07034786
0.03779036,0.004852464,-0.01541282,0.07034786
0.03779036,0.004852464,-0.01541282,0.07034786
0.03779036,0.004852464,-0.01541282,0.07034786
0.03779036,0.004852464,-0.01541282,0.07034786
0.03779036,0.004852464,-0.01541282,0.07034786
0.03779036,0.004852464,-0.01541282,0.07034786
0.03779036,0.004852464,-0.01541282,0.07034786
0.03779036,0.004852464,-0.01541282,0.07034786
0.03779036,0.004852464,-0.01541282,0.07034786
0.03779036,0.004852464,-0.01541282,0.07034786
0.03779036,0.004852464,-0.01541282,0.07034786
0.03779036,0.004852464,-0.01541282,0.07034786
0.03779036,0.004852464,-0.01541282,0.07034786
0.03779036,0.004852464,-0.01541282,0.07034786
0.03779036,0.004852464,-0.01541282,0.07034786
0.03779036,0.004852464,-0.01541282,0.07034786
