227
1.009753,5.064966,5.0275,5.014544
1.06723,5.119139,5.063198,5.048336
1.14223,5.159139,5.101219,5.085452
1.21723,5.199139,5.140243,5.124053
1.29223,5.239139,5.179756,5.163369
1.36723,5.279139,5.219505,5.203021
1.44223,5.319139,5.259369,5.242832
1.51723,5.359139,5.29929,5.28272
1.59223,5.399139,5.33924,5.322646
1.66723,5.439139,5.379204,5.362591
1.74223,5.479139,5.419174,5.402545
1.81723,5.519139,5.459148,5.442503
1.89223,5.559139,5.499123,5.482463
1.96723,5.599139,5.539098,5.522423
2.04223,5.63914,5.579073,5.562383
2.11723,5.679152,5.619048,5.602342
2.19223,5.719175,5.659022,5.6423
2.26723,5.759208,5.698995,5.682257
2.34223,5.799252,5.738967,5.722213
2.41723,5.839306,5.778938,5.762168
2.49223,5.879369,5.818909,5.802122
2.56723,5.919442,5.858879,5.842075
2.64223,5.959524,5.898848,5.882027
2.71723,5.999615,5.938816,5.921978
2.79223,6.039715,5.978784,5.961928
2.86723,6.079823,6.018751,6.001877
2.942113,6.120048,6.058717,6.041825
3.01678,6.16049,6.09868,6.081771
3.091233,6.201145,6.13864,6.121717
3.165475,6.242011,6.178602,6.16167
3.239508,6.283086,6.218572,6.201639
3.313336,6.324367,6.258556,6.241632
3.386961,6.365851,6.298554,6.281628
3.460385,6.407535,6.338552,6.321624
3.533612,6.449417,6.37855,6.361625
3.606644,6.491493,6.418548,6.40165
3.679481,6.533761,6.458546,6.441702
3.752127,6.576219,6.498544,6.481774
3.824583,6.618865,6.538542,6.521856
3.896852,6.661696,6.57854,6.561942
3.968937,6.70471,6.618544,6.602024
4.040784,6.747905,6.658556,6.642096
4.112391,6.79125,6.698572,6.682159
4.183752,6.834725,6.73859,6.72221
4.254859,6.878316,6.778607,6.762248
4.325696,6.922009,6.818621,6.802272
4.396239,6.965786,6.858632,6.842283
4.466454,7.009625,6.89864,6.882283
4.536341,7.053495,6.938646,6.922277
4.60593,7.097379,6.97865,6.962271
4.675034,7.141281,7.018651,7.002265
4.744058,7.185109,7.058658,7.042259
4.813005,7.229014,7.098654,7.082253
4.881796,7.273071,7.13865,7.122247
4.950433,7.317277,7.178646,7.162241
5.018919,7.361628,7.218642,7.202235
5.087255,7.406118,7.258638,7.242229
5.155443,7.450742,7.298634,7.282223
5.223485,7.495492,7.33863,7.322217
5.291383,7.540359,7.378626,7.362211
5.359139,7.585329,7.418622,7.402205
5.426755,7.630384,7.458618,7.442198
5.494234,7.675498,7.498614,7.482191
5.561578,7.720631,7.53861,7.522184
5.628791,7.765725,7.578606,7.562177
5.695878,7.810692,7.618602,7.60217
5.762847,7.855399,7.658598,7.642163
5.82971,7.899902,7.698594,7.682156
5.896462,7.944308,7.73859,7.722149
5.963103,7.988681,7.778586,7.762142
6.029636,8.033054,7.818582,7.802135
6.096065,8.077444,7.858578,7.842128
6.162395,8.121858,7.898574,7.88212
6.22863,8.166299,7.93857,7.922112
6.294775,8.210768,7.978566,7.962104
6.360835,8.255262,8.018562,8.002096
6.426816,8.29978,8.058558,8.042088
6.492724,8.344318,8.098554,8.08208
6.558567,8.388873,8.138549,8.122072
6.624355,8.433441,8.178544,8.162064
6.6901,8.478018,8.218539,8.202055
6.75582,8.522599,8.258534,8.242046
6.821537,8.567181,8.298529,8.282037
6.887254,8.611763,8.338524,8.322028
6.952971,8.656344,8.378519,8.362019
7.018688,8.700925,8.418514,8.40201
7.084405,8.745506,8.458509,8.442001
7.150122,8.790087,8.498504,8.481991
7.215839,8.834667,8.538499,8.521981
7.281556,8.879247,8.578494,8.561971
7.347273,8.923826,8.618489,8.601961
7.41299,8.968394,8.658484,8.641951
7.478707,9.012855,8.698479,8.681941
7.544424,9.05719,8.738474,8.72193
7.610142,9.101403,8.778469,8.761919
7.675859,9.145504,8.818464,8.801908
7.741577,9.189503,8.858458,8.841897
7.807295,9.233409,8.898452,8.881886
7.873012,9.277227,8.938446,8.921875
7.938729,9.320959,8.97844,8.961863
8.004447,9.364608,9.018434,9.001851
8.070165,9.408173,9.058428,9.041839
8.135883,9.451655,9.098422,9.081827
8.201601,9.495055,9.138416,9.121814
8.267319,9.538373,9.17841,9.161801
8.333037,9.581612,9.218404,9.201788
8.398755,9.624772,9.258398,9.241775
8.464473,9.667855,9.298392,9.281761
8.530191,9.710863,9.338385,9.321747
8.595909,9.753797,9.378378,9.361733
8.661627,9.796657,9.418371,9.401719
8.727345,9.839445,9.458364,9.441704
8.793063,9.882161,9.498357,9.481689
8.858781,9.924806,9.53835,9.521674
8.924499,9.967381,9.578343,9.561658
8.990217,10.00989,9.618336,9.601642
9.055935,10.05233,9.658329,9.641626
9.121653,10.0947,9.698322,9.681609
9.187371,10.137,9.738314,9.721592
9.253089,10.17924,9.778306,9.761574
9.318807,10.22141,9.818298,9.801556
9.384525,10.26352,9.85829,9.841538
9.450243,10.30556,9.898282,9.881519
9.515961,10.34753,9.938274,9.9215
9.581679,10.38944,9.978266,9.96148
9.647397,10.43129,10.01826,10.00146
9.713115,10.47308,10.05825,10.04144
9.778833,10.51481,10.09824,10.08142
9.844551,10.55647,10.13823,10.1214
9.910269,10.59813,10.17822,10.16138
9.975987,10.6398,10.21821,10.20136
10.04171,10.68149,10.2582,10.24134
10.10743,10.72319,10.29819,10.28132
10.17315,10.7649,10.33818,10.3213
10.23887,10.80662,10.37817,10.36127
10.30459,10.84835,10.41816,10.40124
10.37031,10.89009,10.45815,10.44121
10.43603,10.93184,10.49814,10.48118
10.50175,10.9736,10.53813,10.52115
10.56747,11.01537,10.57812,10.56112
10.63503,11.05715,10.61811,10.60106
10.70964,11.09893,10.6581,10.64103
10.78425,11.14072,10.69809,10.681
10.85885,11.18251,10.73808,10.72097
10.93344,11.2243,10.77807,10.76094
11.00802,11.26609,10.81806,10.80091
11.08259,11.30788,10.85805,10.84088
11.15715,11.34967,10.89804,10.88085
11.23169,11.39145,10.93803,10.92082
11.30622,11.43322,10.97802,10.96079
11.38074,11.47498,11.01801,11.00076
11.45524,11.51672,11.058,11.04073
11.5302,11.55735,11.09799,11.0807
11.6052,11.59731,11.13798,11.12067
11.6802,11.63747,11.17797,11.16064
11.7552,11.67783,11.21796,11.20061
11.8302,11.71898,11.25795,11.24058
11.9052,11.76019,11.29794,11.28055
11.9802,11.8004,11.33793,11.32052
12.0552,11.84016,11.37792,11.36049
12.1302,11.87969,11.41791,11.40046
12.2052,11.91911,11.4579,11.44043
12.2802,11.95847,11.49789,11.4804
12.3552,11.9978,11.53788,11.52037
12.4302,12.03711,11.57787,11.56034
12.5052,12.07641,11.61786,11.60031
12.5802,12.11571,11.65785,11.64028
12.6552,12.15501,11.69784,11.68025
12.7302,12.1943,11.73783,11.72022
12.8052,12.23359,11.77782,11.76019
12.8802,12.27288,11.81781,11.80016
12.9552,12.31217,11.8578,11.84013
13.0302,12.35146,11.89779,11.8801
13.1052,12.39075,11.93778,11.92007
13.1802,12.43004,11.97777,11.96004
13.2552,12.46933,12.01776,12.00001
13.3302,12.50862,12.05775,12.03998
13.4052,12.54791,12.09774,12.07995
13.4802,12.58719,12.13773,12.11992
13.5552,12.62647,12.17772,12.15989
13.6302,12.66575,12.21771,12.19986
13.7052,12.70503,12.2577,12.23983
13.7802,12.74431,12.29769,12.2798
13.7802,12.78359,12.33768,12.31977
13.7802,12.82286,12.37767,12.35974
13.7802,12.82286,12.41766,12.39971
13.7802,12.82286,12.45765,12.43907
13.7802,12.82286,12.49764,12.47747
13.7802,12.82286,12.53763,12.51476
13.7802,12.82286,12.57737,12.5509
13.7802,12.82286,12.60959,12.58597
13.7802,12.82286,12.63615,12.62011
13.7802,12.82286,12.66165,12.65353
13.7802,12.82286,12.68916,12.68643
13.7802,12.82286,12.71932,12.71897
13.7802,12.82286,12.75139,12.75119
13.7802,12.82286,12.78443,12.78298
13.7802,12.82286,12.8178,12.81407
13.7802,12.82286,12.8178,12.81407
13.7802,12.82286,12.8178,12.81407
13.7802,12.82286,12.8178,12.81407
13.7802,12.82286,12.8178,12.81407
13.7802,12.82286,12.8178,12.81407
13.7802,12.82286,12.8178,12.81407
13.7802,12.82286,12.8178,12.81407
13.7802,12.82286,12.8178,12.81407
13.7802,12.82286,12.8178,12.81407
13.7802,12.82286,12.8178,12.81407
13.7802,12.82286,12.8178,12.81407
13.7802,12.82286,12.8178,12.81407
13.7802,12.82286,12.8178,12.81407
13.7802,12.82286,12.8178,12.81407
13.7802,12.82286,12.8178,12.81407
13.7802,12.82286,12.8178,12.81407
13.7802,12.82286,12.8178,12.81407
13.7802,12.82286,12.8178,12.81407
13.7802,12.82286,12.8178,12.81407
13.7802,12.82286,12.8178,12.81407
13.7802,12.82286,12.8178,12.81407
13.7802,12.82286,12.8178,12.81407
13.7802,12.82286,12.8178,12.81407
13.7802,12.82286,12.8178,12.81407
13.7802,12.82286,12.8178,12.81407
13.7802,12.82286,12.8178,12.81407
13.7802,12.82286,12.8178,12.81407
13.7802,12.82286,12.8178,12.81407
13.7802,12.82286,12.8178,12.81407
