235
4.0285,4.0285,8.9715,8.9715
4.056644,4.056644,8.943356,8.943356
4.084436,4.084436,8.915564,8.915564
4.111881,4.111881,8.888119,8.888119
4.138982,4.138982,8.861018,8.861018
4.165745,4.165745,8.834255,8.834255
4.192174,4.192173,8.807827,8.807825
4.218278,4.218272,8.781687,8.781463
4.244595,4.24412,8.752456,8.739861
4.309595,4.289242,8.68376,8.671437
4.374595,4.344419,8.614977,8.602801
4.439595,4.40439,8.546206,8.534063
4.504595,4.466763,8.477447,8.465278
4.569595,4.530339,8.4087,8.396475
4.634595,4.594537,8.339966,8.327669
4.699595,4.659184,8.271245,8.258867
4.764595,4.724153,8.202538,8.190074
4.829595,4.789147,8.133846,8.121293
4.894595,4.854141,8.065168,8.052525
4.959595,4.919135,7.996506,7.983771
5.024595,4.984129,7.92786,7.915032
5.089595,5.049123,7.85923,7.846309
5.154595,5.114117,7.790618,7.777602
5.219595,5.179111,7.722023,7.708912
5.284595,5.244105,7.653447,7.64024
5.349595,5.309099,7.58489,7.571586
5.414595,5.374092,7.516353,7.502952
5.479595,5.439085,7.447837,7.434337
5.544595,5.504078,7.379342,7.365743
5.609595,5.569071,7.31087,7.297171
5.674595,5.634064,7.242421,7.228621
5.739595,5.699057,7.173996,7.160094
5.804595,5.76405,7.105596,7.091591
5.869595,5.829042,7.037222,7.023113
5.934595,5.894034,6.968876,6.954661
5.999595,5.959026,6.900558,6.886237
6.064595,6.024018,6.832269,6.817841
6.129595,6.08901,6.764011,6.749474
6.194595,6.154002,6.695785,6.681138
6.259595,6.218993,6.627593,6.612834
6.324595,6.283984,6.559435,6.544563
6.389595,6.348975,6.491314,6.476327
6.454595,6.413966,6.42323,6.408128
6.519595,6.478966,6.353025,6.338365
6.584595,6.543966,6.283181,6.268602
6.649595,6.608966,6.213452,6.198839
6.714595,6.673966,6.143745,6.129076
6.779595,6.738966,6.074039,6.059313
6.844595,6.803966,6.004334,5.98955
6.909595,6.868966,5.934634,5.919787
6.974595,6.933966,5.864941,5.850021
7.039595,6.998966,5.795256,5.780251
7.104595,7.063966,5.725579,5.710478
7.169595,7.128966,5.655911,5.640701
7.234595,7.193966,5.586254,5.57092
7.299595,7.258966,5.516608,5.501135
7.364595,7.323966,5.446975,5.431345
7.429595,7.388966,5.377356,5.361549
7.494595,7.453966,5.307752,5.291747
7.559595,7.518966,5.238165,5.221938
7.624595,7.583966,5.168598,5.152121
7.689595,7.648966,5.099053,5.082295
7.754595,7.713966,5.029533,5.012459
7.819595,7.778966,4.960041,4.94261
7.884595,7.843966,4.890582,4.872747
7.949595,7.908966,4.821161,4.802868
8.014595,7.973966,4.751784,4.732969
8.079595,8.038966,4.682459,4.663046
8.144595,8.103966,4.613195,4.593094
8.209595,8.168966,4.544004,4.523107
8.274595,8.233966,4.474901,4.453077
8.339595,8.298966,4.405904,4.382994
8.404595,8.363966,4.337037,4.312845
8.469595,8.428966,4.268329,4.242613
8.534595,8.493966,4.199818,4.172277
8.599595,8.558966,4.13155,4.101811
8.664595,8.623966,4.063578,4.031184
8.729595,8.688966,3.995957,3.960365
8.794595,8.753966,3.928732,3.889329
8.794595,8.818966,3.861905,3.818078
8.794595,8.818966,3.795395,3.746668
8.794595,8.818966,3.728954,3.675232
8.794595,8.818966,3.662523,3.603787
8.794595,8.818966,3.596103,3.532334
8.794595,8.818966,3.529693,3.460872
8.794595,8.818966,3.463294,3.389401
8.794595,8.818966,3.396906,3.31792
8.794595,8.818966,3.33053,3.24643
8.794595,8.818966,3.264166,3.174929
8.794595,8.818966,3.197814,3.103418
8.794595,8.818966,3.131475,3.031896
8.794595,8.818966,3.065149,2.960362
8.794595,8.818966,2.998837,2.888816
8.794595,8.818966,2.932539,2.817257
8.794595,8.818966,2.866255,2.745685
8.794595,8.818966,2.799986,2.674099
8.794595,8.818966,2.733733,2.602498
8.794595,8.818966,2.667496,2.530882
8.794595,8.818966,2.601276,2.459249
8.794595,8.818966,2.535073,2.387599
8.794595,8.818966,2.468889,2.31593
8.794595,8.818966,2.402724,2.244242
8.794595,8.818966,2.336579,2.172532
8.794595,8.818966,2.270456,2.1008
8.794595,8.818966,2.204355,2.029043
8.794595,8.818966,2.138278,1.957259
8.794595,8.818966,2.072226,1.885446
8.794595,8.818966,2.006201,1.8136
8.794595,8.818966,1.940204,1.741718
8.794595,8.818966,1.874238,1.669796
8.794595,8.818966,1.808305,1.597828
8.794595,8.818966,1.742408,1.525807
8.794595,8.818966,1.67655,1.453725
8.794595,8.818966,1.610735,1.381568
8.794595,8.818966,1.544968,1.309319
8.794595,8.818966,1.479254,1.236951
8.794595,8.818966,1.413601,1.164418
8.794595,8.818966,1.34802,1.164418
8.794595,8.818966,1.283402,1.164418
8.794595,8.818966,1.220032,1.164418
8.794595,8.818966,1.157878,1.164418
8.794595,8.818966,1.157878,1.164418
8.794595,8.818966,1.157878,1.164418
8.794595,8.818966,1.157878,1.164418
8.794595,8.818966,1.157878,1.164418
8.794595,8.818966,1.157878,1.164418
8.794595,8.818966,1.157878,1.164418
8.794595,8.818966,1.157878,1.164418
8.794595,8.818966,1.157878,1.164418
8.794595,8.818966,1.157878,1.164418
8.794595,8.818966,1.157878,1.164418
8.794595,8.818966,1.157878,1.164418
8.794595,8.818966,1.157878,1.164418
8.794595,8.818966,1.157878,1.164418
8.794595,8.818966,1.157878,1.164418
8.794595,8.818966,1.157878,1.164418
8.794595,8.818966,1.157878,1.164418
8.794595,8.818966,1.157878,1.164418
8.794595,8.818966,1.157878,1.164418
8.794595,8.818966,1.157878,1.164418
8.794595,8.818966,1.157878,1.164418
8.794595,8.818966,1.157878,1.164418
8.794595,8.818966,1.157878,1.164418
8.794595,8.818966,1.157878,1.164418
8.794595,8.818966,1.157878,1.164418
8.794595,8.818966,1.157878,1.164418
8.794595,8.818966,1.157878,1.164418
8.794595,8.818966,1.157878,1.164418
8.794595,8.818966,1.157878,1.164418
8.794595,8.818966,1.157878,1.164418
8.794595,8.818966,1.157878,1.164418
8.794595,8.818966,1.157878,1.164418
8.794595,8.818966,1.157878,1.164418
8.794595,8.818966,1.157878,1.164418
8.794595,8.818966,1.157878,1.164418
8.794595,8.818966,1.157878,1.164418
8.794595,8.818966,1.157878,1.164418
8.794595,8.818966,1.157878,1.164418
8.794595,8.818966,1.157878,1.164418
8.794595,8.818966,1.157878,1.164418
8.794595,8.818966,1.157878,1.164418
8.794595,8.818966,1.157878,1.164418
8.794595,8.818966,1.157878,1.164418
8.794595,8.818966,1.157878,1.164418
8.794595,8.818966,1.157878,1.164418
8.794595,8.818966,1.157878,1.164418
8.794595,8.818966,1.157878,1.164418
8.794595,8.818966,1.157878,1.164418
8.794595,8.818966,1.157878,1.164418
8.794595,8.818966,1.157878,1.164418
8.794595,8.818966,1.157878,1.164418
8.794595,8.818966,1.157878,1.164418
8.794595,8.818966,1.157878,1.164418
8.794595,8.818966,1.157878,1.164418
8.794595,8.818966,1.157878,1.164418
8.794595,8.818966,1.157878,1.164418
8.794595,8.818966,1.157878,1.164418
8.794595,8.818966,1.157878,1.164418
8.794595,8.818966,1.157878,1.164418
8.794595,8.818966,1.157878,1.164418
8.794595,8.818966,1.157878,1.164418
8.794595,8.818966,1.157878,1.164418
8.794595,8.818966,1.157878,1.164418
8.794595,8.818966,1.157878,1.164418
8.794595,8.818966,1.157878,1.164418
8.794595,8.818966,1.157878,1.164418
8.794595,8.818966,1.157878,1.164418
8.794595,8.818966,1.157878,1.164418
8.794595,8.818966,1.157878,1.164418
8.794595,8.818966,1.157878,1.164418
8.794595,8.818966,1.157878,1.164418
8.794595,8.818966,1.157878,1.164418
8.794595,8.818966,1.157878,1.164418
8.794595,8.818966,1.157878,1.164418
8.794595,8.818966,1.157878,1.164418
8.794595,8.818966,1.157878,1.164418
8.794595,8.818966,1.157878,1.164418
8.794595,8.818966,1.157878,1.164418
8.794595,8.818966,1.157878,1.164418
8.794595,8.818966,1.157878,1.164418
8.794595,8.818966,1.157878,1.164418
8.794595,8.818966,1.157878,1.164418
8.794595,8.818966,1.157878,1.164418
8.794595,8.818966,1.157878,1.164418
8.794595,8.818966,1.157878,1.164418
8.794595,8.818966,1.157878,1.164418
8.794595,8.818966,1.157878,1.164418
8.794595,8.818966,1.157878,1.164418
8.794595,8.818966,1.157878,1.164418
8.794595,8.818966,1.157878,1.164418
8.794595,8.818966,1.157878,1.164418
8.794595,8.818966,1.157878,1.164418
8.794595,8.818966,1.157878,1.164418
8.794595,8.818966,1.157878,1.164418
8.794595,8.818966,1.157878,1.164418
8.794595,8.818966,1.157878,1.164418
8.794595,8.818966,1.157878,1.164418
8.794595,8.818966,1.157878,1.164418
8.794595,8.818966,1.157878,1.164418
8.794595,8.818966,1.157878,1.164418
8.794595,8.818966,1.157878,1.164418
8.794595,8.818966,1.157878,1.164418
8.794595,8.818966,1.157878,1.164418
8.794595,8.818966,1.157878,1.164418
8.794595,8.818966,1.157878,1.164418
8.794595,8.818966,1.157878,1.164418
8.794595,8.818966,1.157878,1.164418
8.794595,8.818966,1.157878,1.164418
8.794595,8.818966,1.157878,1.164418
8.794595,8.818966,1.157878,1.164418
8.794595,8.818966,1.157878,1.164418
8.794595,8.818966,1.157878,1.164418
8.794595,8.818966,1.157878,1.164418
8.794595,8.818966,1.157878,1.164418
8.794595,8.818966,1.157878,1.164418
